# JHTDB public shell spectrum; k E(k), original table unchanged numerically
1 0.29999999514199999
2 0.13013271005300001
3 0.0460806672411
4 0.038514900267699999
5 0.027908307556599999
6 0.0177985478306
7 0.0136837706255
8 0.010874035167199999
9 0.0103863966377
10 0.0074953691727699997
11 0.00623049422356
12 0.0057225690454700004
13 0.0051069632074200004
14 0.00448782862629
15 0.0037311972587200002
16 0.0038245851192100001
17 0.0034349130811100002
18 0.0031446689826899999
19 0.0027387343501199999
20 0.0026563763420000002
21 0.0025578346640900002
22 0.0022852443717100001
23 0.0021659602068900001
24 0.0020317341428099998
25 0.00200129277825
26 0.0018677579786699999
27 0.00173349089974
28 0.00167967468942
29 0.0015845058583999999
30 0.00150404723534
31 0.00145540764215
32 0.00135370277331
33 0.0013384544855300001
34 0.00128221824992
35 0.00119797055757
36 0.00117435540281
37 0.0011161090588799999
38 0.0010801214497400001
39 0.0010154912064
40 0.00099527725139600008
41 0.00096646076356299998
42 0.000912984919434
43 0.00089442204103599998
44 0.00084745011021000001
45 0.00083762072971100003
46 0.00078096098609600003
47 0.00075917132298300005
48 0.00074192258874200003
49 0.00071951846945900004
50 0.00069459383516300003
51 0.000656842168659
52 0.00064499704247299996
53 0.00062205208856399999
54 0.00059680787119099996
55 0.00057566806476100005
56 0.00055951092042200005
57 0.00054841186927099997
58 0.00052188807609900001
59 0.00050439796821200001
60 0.00049367535314499996
61 0.000472212701373
62 0.00045995032900700001
63 0.00043687430688100001
64 0.000431176278739
65 0.00042344788117500002
66 0.00040133031029100001
67 0.00039411215551099998
68 0.00037583790261600002
69 0.00037112708143999999
70 0.00035400745614599997
71 0.00034155005302399999
72 0.00033723839947299999
73 0.00032350021432599998
74 0.00031808879314399998
75 0.00030293382677099999
76 0.00029634126965499998
77 0.00028781278153499999
78 0.00027532411455399999
79 0.00026911691735999999
80 0.00026049562429399998
81 0.00025568790229499999
82 0.00024693621691599998
83 0.000239331711809
84 0.000231442312008
85 0.00022726455456700001
86 0.00021947886949399999
87 0.00021144195668399999
88 0.00020629015963299999
89 0.00020047128979300001
90 0.00019571585408299999
91 0.00018836157781700001
92 0.00018336887971100001
93 0.000177848801543
94 0.00017269335645399999
95 0.00016691583929299999
96 0.00016360796770999999
97 0.00015948748068300001
98 0.0001559744211
99 0.000148969164669
100 0.000146186649326
101 0.00014214956426300001
102 0.00013856220596200001
103 0.00013492042095100001
104 0.000129353642926
105 0.00012894607527200001
106 0.000123567457136
107 0.00012041607175000001
108 0.00011714708389600001
109 0.000114979576035
110 0.00011092492501899999
111 0.000107141355923
112 0.000105170277958
113 0.000102418232917
114 0.000100037683179
115 9.6484155830099997e-05
116 9.4880887880000004e-05
117 9.2450398487499994e-05
118 8.9173280436399995e-05
119 8.6859774087700003e-05
120 8.5407747281900006e-05
121 8.3023997320000003e-05
122 8.0778116528500003e-05
123 7.8618077373700002e-05
124 7.6303643857100005e-05
125 7.5088985601500001e-05
126 7.2099842681400003e-05
127 7.0420380009699997e-05
128 6.8762443638500004e-05
129 6.75677794722e-05
130 6.5516251489299994e-05
131 6.3485684600899996e-05
132 6.2797841625499993e-05
133 6.0604710189099997e-05
134 5.9411425709800003e-05
135 5.7441540181800001e-05
136 5.64576443084e-05
137 5.5312105664900002e-05
138 5.3415564956000001e-05
139 5.2040026246400002e-05
140 5.1096345982599998e-05
141 4.97773937614e-05
142 4.8752260325300003e-05
143 4.6979203798599997e-05
144 4.6168226847000002e-05
145 4.51661769516e-05
146 4.40630482249e-05
147 4.28570184914e-05
148 4.1826973986500002e-05
149 4.0884893122499998e-05
150 3.97795130773e-05
151 3.86835822796e-05
152 3.7865414785999998e-05
153 3.70472945714e-05
154 3.6273862151399998e-05
155 3.5075773913699997e-05
156 3.4430401270899999e-05
157 3.3692348426699997e-05
158 3.2731171161700002e-05
159 3.1860187314299999e-05
160 3.1261250843599999e-05
161 3.06690496338e-05
162 2.9597987609699999e-05
163 2.91535538078e-05
164 2.8241637096700001e-05
165 2.7851785546400001e-05
166 2.6916620981799999e-05
167 2.6517611570900002e-05
168 2.5819355263300001e-05
169 2.52072739865e-05
170 2.4797854976400001e-05
171 2.39698998034e-05
172 2.35195386228e-05
173 2.2998896495700001e-05
174 2.2574724111100001e-05
175 2.1848353960600001e-05
176 2.1516971257200001e-05
177 2.10185409726e-05
178 2.0598559764999999e-05
179 2.0061206924899998e-05
180 1.9620253515600001e-05
181 1.9229905288900001e-05
182 1.87161567879e-05
183 1.8357966866200002e-05
184 1.79325303885e-05
185 1.7592766444800002e-05
186 1.71653558588e-05
187 1.6807775891099999e-05
188 1.64565581643e-05
189 1.6078729942700001e-05
190 1.56424135714e-05
191 1.5414110336800001e-05
192 1.50413532035e-05
193 1.4689795794300001e-05
194 1.4438853367700001e-05
195 1.4055059922199999e-05
196 1.38069896723e-05
197 1.34500444978e-05
198 1.31890503713e-05
199 1.28608616832e-05
200 1.2589878479999999e-05
201 1.2354024752299999e-05
202 1.2094427748700001e-05
203 1.17710968728e-05
204 1.1536374116299999e-05
205 1.1333543388699999e-05
206 1.0983725778299999e-05
207 1.0806448071700001e-05
208 1.0584183166500001e-05
209 1.03891567883e-05
210 1.01370443551e-05
211 9.9118086580799993e-06
212 9.7197352789199995e-06
213 9.5246332577300002e-06
214 9.3385509145700001e-06
215 9.0918277993500004e-06
216 8.9256779970599992e-06
217 8.7786821077399992e-06
218 8.5382103760000002e-06
219 8.3890538905100003e-06
220 8.1950788492300003e-06
221 8.0667157350000002e-06
222 7.8394816259400005e-06
223 7.7027038540600002e-06
224 7.5215698651000003e-06
225 7.4208480345600003e-06
226 7.2469352331899999e-06
227 7.0716238884400002e-06
228 6.9399426096300004e-06
229 6.8071155905900004e-06
230 6.6486314347499999e-06
231 6.4831036311400001e-06
232 6.4028882444800003e-06
233 6.26184309988e-06
234 6.1603557303100001e-06
235 5.9798837812799999e-06
236 5.9090975960999999e-06
237 5.7866352016500003e-06
238 5.6645205585599997e-06
239 5.5739088041000002e-06
240 5.4477360814600002e-06
241 5.3614089976199997e-06
242 5.25009086056e-06
243 5.1380745357299997e-06
244 5.05564559467e-06
245 4.9484496921999999e-06
246 4.8495519764700004e-06
247 4.7390710245100002e-06
248 4.6626912460999999e-06
249 4.5682040076499999e-06
250 4.4694700059699998e-06
251 4.3835716799700002e-06
252 4.3035308628199998e-06
253 4.2136290949599997e-06
254 4.1215356586099999e-06
255 4.0283337484099996e-06
256 3.9766942108599997e-06
257 3.8780635677099998e-06
258 3.81169328184e-06
259 3.7373105197099999e-06
260 3.6655912425800002e-06
261 3.6063213104999998e-06
262 3.5217172741600002e-06
263 3.4570997928199999e-06
264 3.3910734183200001e-06
265 3.3400082842800001e-06
266 3.25826676699e-06
267 3.19873497955e-06
268 3.1432323342600002e-06
269 3.0928641544199999e-06
270 3.0254769692100001e-06
271 2.9656332815000001e-06
272 2.9184332681799999e-06
273 2.8672049171799998e-06
274 2.81520304355e-06
275 2.7546386972899999e-06
276 2.7080018892099999e-06
277 2.6664054692200001e-06
278 2.60566220466e-06
279 2.5520205357099999e-06
280 2.52032475065e-06
281 2.4672999690300001e-06
282 2.4263487842899998e-06
283 2.37728469933e-06
284 2.3364746968599999e-06
285 2.2955501879499999e-06
286 2.2443123789199998e-06
287 2.2123701082499998e-06
288 2.16824350601e-06
289 2.1372209679100001e-06
290 2.0921992072700001e-06
291 2.05341145997e-06
292 2.0180152092699998e-06
293 1.9788196282099999e-06
294 1.9451871724300002e-06
295 1.9030582097900001e-06
296 1.8736535552999999e-06
297 1.84129814623e-06
298 1.80424308737e-06
299 1.7741790234499999e-06
300 1.73492715425e-06
301 1.71585615849e-06
302 1.67668931043e-06
303 1.6481558464200001e-06
304 1.61588125167e-06
305 1.5899954981099999e-06
306 1.56011322707e-06
307 1.52783070677e-06
308 1.5002371019300001e-06
309 1.47608316468e-06
310 1.45116410534e-06
311 1.4257972799400001e-06
312 1.40275922871e-06
313 1.37591115173e-06
314 1.35862929678e-06
315 1.3305558635399999e-06
316 1.3095709802399999e-06
317 1.2811656113499999e-06
318 1.27103716422e-06
319 1.2402662127899999e-06
320 1.22215940351e-06
321 1.2055705976299999e-06
322 1.1808038509100001e-06
323 1.1615631214000001e-06
324 1.1415279224200001e-06
325 1.1220379921099999e-06
326 1.1040185145599999e-06
327 1.0835444380899999e-06
328 1.0649380072100001e-06
329 1.04950668809e-06
330 1.03096044047e-06
331 1.01160556623e-06
332 9.9473009858500002e-07
333 9.7984034143199997e-07
334 9.5929415694100008e-07
335 9.4650077597199997e-07
336 9.2909619908700003e-07
337 9.1470497015499997e-07
338 8.9988490887200004e-07
339 8.8104074039100003e-07
340 8.6807203711000003e-07
341 8.5373688506799996e-07
342 8.3871103780600005e-07
343 8.2352277708999997e-07
344 8.0976151881499998e-07
345 8.00089224964e-07
346 7.8339843837899995e-07
347 7.7103665232099995e-07
348 7.5837092172100004e-07
349 7.48370777068e-07
350 7.3584776105100001e-07
351 7.1738392717900002e-07
352 7.1325930193199996e-07
353 6.9747590931599999e-07
354 6.8833743612599996e-07
355 6.7484861013200005e-07
356 6.6451115148600004e-07
357 6.5444960139399999e-07
358 6.4216464279400003e-07
359 6.3538572505400002e-07
360 6.2306830503300001e-07
361 6.1687798882499999e-07
362 6.0447063660100004e-07
363 5.9554058073100001e-07
364 5.8589984190099999e-07
365 5.7759833000699995e-07
366 5.6882670959999999e-07
367 5.5863114725599998e-07
368 5.4970839538899995e-07
369 5.44231698816e-07
370 5.33663734108e-07
371 5.24925979279e-07
372 5.1787394381000001e-07
373 5.1082005981699998e-07
374 5.0248016940699998e-07
375 4.9387898507400002e-07
376 4.8793869796899997e-07
377 4.8073715321699999e-07
378 4.7279614767100002e-07
379 4.6555613245200001e-07
380 4.5824234532100001e-07
381 4.5302787820299998e-07
382 4.4496138868299998e-07
383 4.38684754897e-07
384 4.3116855523699999e-07
385 4.2716226185400002e-07
386 4.2069071260899999e-07
387 4.1372203181799998e-07
388 4.0883145559799999e-07
389 4.0306722244699999e-07
390 3.9770360951400001e-07
391 3.9190571358200002e-07
392 3.8688313704499998e-07
393 3.8209046772399998e-07
394 3.7693170032699998e-07
395 3.7095854246000002e-07
396 3.6710381059200001e-07
397 3.6278741243499998e-07
398 3.56773377498e-07
399 3.5212491730000001e-07
400 3.4919344109200001e-07
401 3.4374976459500002e-07
402 3.3936485925600002e-07
403 3.35470451941e-07
404 3.3147714518300001e-07
405 3.2806796357899998e-07
406 3.2267750059599998e-07
407 3.1990833292299999e-07
408 3.1646780272599998e-07
409 3.1229920844800001e-07
410 3.0922279191500001e-07
411 3.0450746525099998e-07
412 3.0290245628300002e-07
413 2.9814679753399999e-07
414 2.95159314702e-07
415 2.9181736494699998e-07
416 2.8922291981500001e-07
417 2.8664631254199998e-07
418 2.82605002111e-07
419 2.8015679815500001e-07
420 2.7734506174599998e-07
421 2.75125175441e-07
422 2.72348047624e-07
423 2.6934816876199998e-07
424 2.6721328156599997e-07
425 2.6540199606999999e-07
426 2.6290864022900002e-07
427 2.6142534201199999e-07
428 2.5860856034000001e-07
429 2.5792220080999999e-07
430 2.55778573796e-07
431 2.5392305051000001e-07
432 2.5297611561200001e-07
433 2.51402751681e-07
434 2.5125669591599997e-07
435 2.49006402616e-07
436 2.4807291228399998e-07
437 2.47491312897e-07
438 2.4656422167000001e-07
439 2.45645187682e-07
440 2.4446915735399998e-07
441 2.4542953528799999e-07
442 2.43720679461e-07
443 2.4385514884399998e-07
444 2.4336116753300001e-07
445 2.4362551785400001e-07
446 2.4335277671500002e-07
447 2.4329626727199999e-07
448 2.4413004880500001e-07
449 2.4432219657699999e-07
450 2.4512497381300001e-07
451 2.4490327747800002e-07
452 2.4632075722999998e-07
453 2.46861971422e-07
454 2.48798905485e-07
455 2.4936659895199998e-07
456 2.5142849861099999e-07
457 2.5356283752000001e-07
458 2.5560111394600001e-07
459 2.5689781744699999e-07
460 2.6008225323600001e-07
461 2.6245955084700001e-07
462 2.6578706725999999e-07
463 2.6879937790599998e-07
464 2.7197344166199998e-07
465 2.7658890592700002e-07
466 2.7993968566600001e-07
467 2.8519670545600003e-07
468 2.9046162445099998e-07
469 2.9677633024500001e-07
470 3.0368915100399999e-07
471 3.1023639838600002e-07
472 3.1870367104400002e-07
473 3.2662197071299998e-07
474 3.3642950017100001e-07
475 3.4711614748900001e-07
476 3.5912604124299999e-07
477 3.74754361128e-07
478 3.9039219017700002e-07
479 4.1152603494300003e-07
480 4.3910049765099999e-07
481 4.7545371162000001e-07
482 5.4860080057100002e-07
