# CBC station 171; k*=k_cm^-1*100*0.55879999999999996; E*=E_cm3/s2*1e-6/(Uref^2*Lref)
8.3819999999999997 0.0012031029268739423
11.175999999999998 0.0022270718163461306
13.969999999999999 0.0029048762821906049
16.763999999999999 0.0030259127939485475
22.351999999999997 0.002372315630455661
27.939999999999998 0.001972895141654453
39.116 0.0014572796015656204
55.879999999999995 0.00095376771265258203
83.819999999999993 0.00058339598667327987
111.75999999999999 0.00039942048880120816
139.69999999999999 0.00030259127939485469
167.63999999999999 0.00022077059744648599
223.51999999999998 0.00013604503921592668
335.27999999999997 4.0910340974184359e-05
447.03999999999996 1.2587797222825956e-05
558.79999999999995 3.8973756786057287e-06
698.5 1.2587797222825957e-06
838.19999999999993 3.4132296315739613e-07
