# CBC station 98; k*=k_cm^-1*100*0.55879999999999996; E*=E_cm3/s2*1e-6/(Uref^2*Lref)
11.175999999999998 0.002565974049268368
13.969999999999999 0.0047446312609113221
16.763999999999999 0.0047204239585597338
22.351999999999997 0.0048898750750208525
27.939999999999998 0.0040668267950668474
39.116 0.003074327398651724
55.879999999999995 0.0019172183462457997
83.819999999999993 0.0011571090524059244
111.75999999999999 0.00083757266136495789
139.69999999999999 0.00069232884725542758
167.63999999999999 0.0005591886843216915
223.51999999999998 0.00034616442362771379
335.27999999999997 0.00014403344899195083
447.03999999999996 5.398228424404208e-05
558.79999999999995 2.178657211642954e-05
698.5 8.78725075362658e-06
838.19999999999993 3.921582980957317e-06
977.89999999999998 1.5976819552048329e-06
1117.5999999999999 7.9884097760241647e-07
