# CBC station 42; k*=k_cm^-1*100*0.55879999999999996; E*=E_cm3/s2*1e-6/(Uref^2*Lref)
11.175999999999998 0.0031227420033549005
13.969999999999999 0.0055676795408653263
16.763999999999999 0.0077947513572114565
22.351999999999997 0.010530176522940944
27.939999999999998 0.011062737174675888
39.116 0.0091987748936035833
55.879999999999995 0.0065359716349288619
83.819999999999993 0.0040668267950668474
111.75999999999999 0.0029048762821906049
139.69999999999999 0.0021544499092913654
167.63999999999999 0.0017017733553166628
223.51999999999998 0.0011377432105246538
335.27999999999997 0.00059792036808423285
447.03999999999996 0.00030501200963001354
558.79999999999995 0.00017961818344878574
698.5 9.5860917312289977e-05
838.19999999999993 5.6403014479200921e-05
977.89999999999998 3.2679858174644313e-05
1117.5999999999999 1.9365841881270702e-05
